 0.00000000e+00  0.00000000e+00 
 1.00000000e-02  2.96577540e+02 
 2.00000000e-02  2.96748344e+02 
 4.00000000e-02  2.97076998e+02 
 8.00000000e-02  2.97662300e+02 
 1.60000000e-01  2.98594260e+02 
 3.20000000e-01  2.99791220e+02 
 4.91518840e-01  3.00454250e+02 
 7.07952559e-01  3.00852827e+02 
 9.45104711e-01  3.01036628e+02 
 1.00000000e+00  3.01059646e+02 
 1.03410025e+00  3.01071533e+02 
 1.10230076e+00  3.01093198e+02 
 1.23870177e+00  3.01126542e+02 
 1.51150379e+00  3.01170582e+02 
 2.05710783e+00  3.01226169e+02 
 3.05710783e+00  3.01309267e+02 
 4.05710783e+00  3.01391773e+02 
 5.05710783e+00  3.01473221e+02 
 6.05710783e+00  3.01553796e+02 
 7.05710783e+00  3.01633445e+02 
 8.05710783e+00  3.01712199e+02 
 9.05710783e+00  3.01790060e+02 
 1.00571078e+01  3.01867039e+02 
 1.10571078e+01  3.01943145e+02 
 1.20571078e+01  3.02018388e+02 
 1.30571078e+01  3.02092775e+02 
 1.40571078e+01  3.02166317e+02 
 1.50571078e+01  3.02239021e+02 
 1.60571078e+01  3.02310896e+02 
 1.70571078e+01  3.02381951e+02 
 1.80571078e+01  3.02452194e+02 
 1.90571078e+01  3.02521634e+02 
 2.00571078e+01  3.02590279e+02 
 2.10571078e+01  3.02658137e+02 
 2.20571078e+01  3.02725217e+02 
 2.30571078e+01  3.02791526e+02 
 2.40571078e+01  3.02857072e+02 
 2.50571078e+01  3.02921864e+02 
 2.60571078e+01  3.02985909e+02 
 2.70571078e+01  3.03049214e+02 
 2.80571078e+01  3.03111788e+02 
 2.90571078e+01  3.03173639e+02 
 3.00571078e+01  3.03234772e+02 
 3.10571078e+01  3.03295197e+02 
 3.20571078e+01  3.03354921e+02 
 3.30571078e+01  3.03413950e+02 
 3.40571078e+01  3.03472291e+02 
 3.50571078e+01  3.03529953e+02 
 3.60571078e+01  3.03586942e+02 
 3.70571078e+01  3.03643265e+02 
 3.80571078e+01  3.03698929e+02 
 3.90571078e+01  3.03753941e+02 
 4.00571078e+01  3.03808308e+02 
 4.10571078e+01  3.03862036e+02 
 4.20571078e+01  3.03915132e+02 
 4.30571078e+01  3.03967602e+02 
 4.40571078e+01  3.04019454e+02 
 4.50571078e+01  3.04070693e+02 
 4.60571078e+01  3.04121325e+02 
 4.70571078e+01  3.04171359e+02 
 4.80571078e+01  3.04220798e+02 
 4.90571078e+01  3.04269651e+02 
 5.00571078e+01  3.04317922e+02 
 5.10571078e+01  3.04365618e+02 
 5.20571078e+01  3.04412744e+02 
 5.30571078e+01  3.04459308e+02 
 5.40571078e+01  3.04505314e+02 
 5.50571078e+01  3.04550769e+02 
 5.60571078e+01  3.04595678e+02 
 5.70571078e+01  3.04640047e+02 
 5.80571078e+01  3.04683882e+02 
 5.90571078e+01  3.04727187e+02 
 6.00571078e+01  3.04769970e+02 
 6.10571078e+01  3.04812235e+02 
 6.20571078e+01  3.04853987e+02 
 6.30571078e+01  3.04895233e+02 
 6.40571078e+01  3.04935976e+02 
 6.50571078e+01  3.04976224e+02 
 6.60571078e+01  3.05015980e+02 
 6.70571078e+01  3.05055250e+02 
 6.80571078e+01  3.05094039e+02 
 6.90571078e+01  3.05132352e+02 
 7.00571078e+01  3.05170194e+02 
 7.10571078e+01  3.05207570e+02 
 7.20571078e+01  3.05244485e+02 
 7.30571078e+01  3.05280944e+02 
 7.40571078e+01  3.05316952e+02 
 7.50571078e+01  3.05352513e+02 
 7.60571078e+01  3.05387631e+02 
 7.70571078e+01  3.05422313e+02 
 7.80571078e+01  3.05456562e+02 
 7.90571078e+01  3.05490382e+02 
 8.00571078e+01  3.05523779e+02 
 8.10571078e+01  3.05556757e+02 
 8.20571078e+01  3.05589320e+02 
 8.30571078e+01  3.05621473e+02 
 8.40571078e+01  3.05653219e+02 
 8.50571078e+01  3.05684564e+02 
 8.60571078e+01  3.05715512e+02 
 8.70571078e+01  3.05746066e+02 
 8.80571078e+01  3.05776230e+02 
 8.90571078e+01  3.05806010e+02 
 9.00571078e+01  3.05835409e+02 
 9.10571078e+01  3.05864431e+02 
 9.20571078e+01  3.05893080e+02 
 9.30571078e+01  3.05921360e+02 
 9.40571078e+01  3.05949275e+02 
 9.50571078e+01  3.05976829e+02 
 9.60571078e+01  3.06004025e+02 
 9.70571078e+01  3.06030868e+02 
 9.80571078e+01  3.06057361e+02 
 9.90571078e+01  3.06083507e+02 
 1.00057108e+02  3.06109312e+02 
 1.01057108e+02  3.06134778e+02 
 1.02057108e+02  3.06159908e+02 
 1.03057108e+02  3.06184707e+02 
 1.04057108e+02  3.06209178e+02 
 1.05057108e+02  3.06233324e+02 
 1.06057108e+02  3.06257149e+02 
 1.07057108e+02  3.06280657e+02 
 1.08057108e+02  3.06303850e+02 
 1.09057108e+02  3.06326732e+02 
 1.10057108e+02  3.06349306e+02 
 1.11057108e+02  3.06371577e+02 
 1.12057108e+02  3.06393546e+02 
 1.13057108e+02  3.06415217e+02 
 1.14057108e+02  3.06436594e+02 
 1.15057108e+02  3.06457679e+02 
 1.16057108e+02  3.06478475e+02 
 1.17057108e+02  3.06498987e+02 
 1.18057108e+02  3.06519216e+02 
 1.19057108e+02  3.06539166e+02 
 1.20057108e+02  3.06558840e+02 
 1.21057108e+02  3.06578240e+02 
 1.22057108e+02  3.06597371e+02 
 1.23057108e+02  3.06616233e+02 
 1.24057108e+02  3.06634832e+02 
 1.25057108e+02  3.06653168e+02 
 1.26057108e+02  3.06671246e+02 
 1.27057108e+02  3.06689068e+02 
 1.28057108e+02  3.06706636e+02 
 1.29057108e+02  3.06723954e+02 
 1.30057108e+02  3.06741024e+02 
 1.31057108e+02  3.06757849e+02 
 1.32057108e+02  3.06774431e+02 
 1.33057108e+02  3.06790774e+02 
 1.34057108e+02  3.06806879e+02 
 1.35057108e+02  3.06822749e+02 
 1.36057108e+02  3.06838387e+02 
 1.37057108e+02  3.06853796e+02 
 1.38057108e+02  3.06868977e+02 
 1.39057108e+02  3.06883934e+02 
 1.40057108e+02  3.06898668e+02 
 1.41057108e+02  3.06913183e+02 
 1.42057108e+02  3.06927480e+02 
 1.43057108e+02  3.06941562e+02 
 1.44057108e+02  3.06955431e+02 
 1.45057108e+02  3.06969090e+02 
 1.46057108e+02  3.06982540e+02 
 1.47057108e+02  3.06995785e+02 
 1.48057108e+02  3.07008826e+02 
 1.49057108e+02  3.07021666e+02 
 1.50057108e+02  3.07034307e+02 
 1.51057108e+02  3.07046750e+02 
 1.52057108e+02  3.07058999e+02 
 1.53057108e+02  3.07071055e+02 
 1.54057108e+02  3.07082921e+02 
 1.55057108e+02  3.07094598e+02 
 1.56057108e+02  3.07106089e+02 
 1.57057108e+02  3.07117395e+02 
 1.58057108e+02  3.07128519e+02 
 1.59057108e+02  3.07139462e+02 
 1.60057108e+02  3.07150227e+02 
 1.61057108e+02  3.07160816e+02 
 1.62057108e+02  3.07171231e+02 
 1.63057108e+02  3.07181473e+02 
 1.64057108e+02  3.07191544e+02 
 1.65057108e+02  3.07201446e+02 
 1.66057108e+02  3.07211182e+02 
 1.67057108e+02  3.07220753e+02 
 1.68057108e+02  3.07230161e+02 
 1.69057108e+02  3.07239407e+02 
 1.70057108e+02  3.07248493e+02 
 1.71057108e+02  3.07257422e+02 
 1.72057108e+02  3.07266195e+02 
 1.73057108e+02  3.07274814e+02 
 1.74057108e+02  3.07283280e+02 
 1.75057108e+02  3.07291595e+02 
 1.76057108e+02  3.07299761e+02 
 1.77057108e+02  3.07307780e+02 
 1.78057108e+02  3.07315652e+02 
 1.79057108e+02  3.07323381e+02 
 1.80057108e+02  3.07330966e+02 
 1.81057108e+02  3.07338411e+02 
 1.82057108e+02  3.07345717e+02 
 1.83057108e+02  3.07352884e+02 
 1.84057108e+02  3.07359915e+02 
 1.85057108e+02  3.07366812e+02 
 1.86057108e+02  3.07373575e+02 
 1.87057108e+02  3.07380206e+02 
 1.88057108e+02  3.07386707e+02 
 1.89057108e+02  3.07393080e+02 
 1.90057108e+02  3.07399325e+02 
 1.91057108e+02  3.07405444e+02 
 1.92057108e+02  3.07411439e+02 
 1.93057108e+02  3.07417310e+02 
 1.94057108e+02  3.07423060e+02 
 1.95057108e+02  3.07428690e+02 
 1.96057108e+02  3.07434201e+02 
 1.97057108e+02  3.07439594e+02 
 1.98057108e+02  3.07444872e+02 
 1.99057108e+02  3.07450034e+02 
 2.00057108e+02  3.07455082e+02 
 2.01057108e+02  3.07460019e+02 
 2.02057108e+02  3.07464844e+02 
 2.03057108e+02  3.07469560e+02 
 2.04057108e+02  3.07474168e+02 
 2.05057108e+02  3.07478668e+02 
 2.06057108e+02  3.07483062e+02 
 2.07057108e+02  3.07487351e+02 
 2.08057108e+02  3.07491537e+02 
 2.09057108e+02  3.07495621e+02 
 2.10057108e+02  3.07499603e+02 
 2.11057108e+02  3.07503486e+02 
 2.12057108e+02  3.07507270e+02 
 2.13057108e+02  3.07510956e+02 
 2.14057108e+02  3.07514545e+02 
 2.15057108e+02  3.07518039e+02 
 2.16057108e+02  3.07521439e+02 
 2.17057108e+02  3.07524746e+02 
 2.18057108e+02  3.07527960e+02 
 2.19057108e+02  3.07531084e+02 
 2.20057108e+02  3.07534118e+02 
 2.21057108e+02  3.07537062e+02 
 2.22057108e+02  3.07539919e+02 
 2.23057108e+02  3.07542689e+02 
 2.24057108e+02  3.07545373e+02 
 2.25057108e+02  3.07547973e+02 
 2.26057108e+02  3.07550488e+02 
 2.27057108e+02  3.07552921e+02 
 2.28057108e+02  3.07555272e+02 
 2.29057108e+02  3.07557542e+02 
 2.30057108e+02  3.07559733e+02 
 2.31057108e+02  3.07561844e+02 
 2.32057108e+02  3.07563877e+02 
 2.33057108e+02  3.07565834e+02 
 2.34057108e+02  3.07567714e+02 
 2.35057108e+02  3.07569519e+02 
 2.36057108e+02  3.07571249e+02 
 2.37057108e+02  3.07572907e+02 
 2.38057108e+02  3.07574491e+02 
 2.39057108e+02  3.07576004e+02 
 2.40057108e+02  3.07577446e+02 
 2.41057108e+02  3.07578819e+02 
 2.42057108e+02  3.07580122e+02 
 2.43057108e+02  3.07581356e+02 
 2.44057108e+02  3.07582524e+02 
 2.45057108e+02  3.07583625e+02 
 2.46057108e+02  3.07584660e+02 
 2.47057108e+02  3.07585630e+02 
 2.48057108e+02  3.07586535e+02 
 2.49057108e+02  3.07587378e+02 
 2.50057108e+02  3.07588157e+02 
 2.51057108e+02  3.07588875e+02 
 2.52057108e+02  3.07589532e+02 
 2.53057108e+02  3.07590128e+02 
 2.54057108e+02  3.07590665e+02 
 2.55057108e+02  3.07591143e+02 
 2.56057108e+02  3.07591563e+02 
 2.57057108e+02  3.07591925e+02 
 2.58057108e+02  3.07592230e+02 
 2.59057108e+02  3.07592480e+02 
 2.60057108e+02  3.07592674e+02 
 2.61057108e+02  3.07592814e+02 
 2.62057108e+02  3.07592900e+02 
 2.63057108e+02  3.07592932e+02 
 2.64057108e+02  3.07592912e+02 
 2.65057108e+02  3.07592841e+02 
 2.66057108e+02  3.07592717e+02 
 2.67057108e+02  3.07592544e+02 
 2.68057108e+02  3.07592320e+02 
 2.69057108e+02  3.07592047e+02 
 2.70057108e+02  3.07591725e+02 
 2.71057108e+02  3.07591355e+02 
 2.72057108e+02  3.07590938e+02 
 2.73057108e+02  3.07590474e+02 
 2.74057108e+02  3.07589964e+02 
 2.75057108e+02  3.07589408e+02 
 2.76057108e+02  3.07588807e+02 
 2.77057108e+02  3.07588161e+02 
 2.78057108e+02  3.07587472e+02 
 2.79057108e+02  3.07586740e+02 
 2.80057108e+02  3.07585964e+02 
 2.81057108e+02  3.07585147e+02 
 2.82057108e+02  3.07584287e+02 
 2.83057108e+02  3.07583387e+02 
 2.84057108e+02  3.07582446e+02 
 2.85057108e+02  3.07581465e+02 
 2.86057108e+02  3.07580445e+02 
 2.87057108e+02  3.07579386e+02 
 2.88057108e+02  3.07578288e+02 
 2.89057108e+02  3.07577153e+02 
 2.90057108e+02  3.07575980e+02 
 2.91057108e+02  3.07574770e+02 
 2.92057108e+02  3.07573524e+02 
 2.93057108e+02  3.07572241e+02 
 2.94057108e+02  3.07570924e+02 
 2.95057108e+02  3.07569571e+02 
 2.96057108e+02  3.07568184e+02 
 2.97057108e+02  3.07566763e+02 
 2.98057108e+02  3.07565309e+02 
 2.99057108e+02  3.07563821e+02 
 3.00057108e+02  3.07562301e+02 
 3.01057108e+02  3.07560748e+02 
 3.02057108e+02  3.07559164e+02 
 3.03057108e+02  3.07557549e+02 
 3.04057108e+02  3.07555903e+02 
 3.05057108e+02  3.07554226e+02 
 3.06057108e+02  3.07552520e+02 
 3.07057108e+02  3.07550783e+02 
 3.08057108e+02  3.07549018e+02 
 3.09057108e+02  3.07547224e+02 
 3.10057108e+02  3.07545402e+02 
 3.11057108e+02  3.07543552e+02 
 3.12057108e+02  3.07541674e+02 
 3.13057108e+02  3.07539769e+02 
 3.14057108e+02  3.07537838e+02 
 3.15057108e+02  3.07535880e+02 
 3.16057108e+02  3.07533896e+02 
 3.17057108e+02  3.07531887e+02 
 3.18057108e+02  3.07529853e+02 
 3.19057108e+02  3.07527793e+02 
 3.20057108e+02  3.07525710e+02 
 3.21057108e+02  3.07523602e+02 
 3.22057108e+02  3.07521470e+02 
 3.23057108e+02  3.07519316e+02 
 3.24057108e+02  3.07517138e+02 
 3.25057108e+02  3.07514937e+02 
 3.26057108e+02  3.07512714e+02 
 3.27057108e+02  3.07510469e+02 
 3.28057108e+02  3.07508203e+02 
 3.29057108e+02  3.07505915e+02 
 3.30057108e+02  3.07503606e+02 
 3.31057108e+02  3.07501277e+02 
 3.32057108e+02  3.07498927e+02 
 3.33057108e+02  3.07496557e+02 
 3.34057108e+02  3.07494168e+02 
 3.35057108e+02  3.07491759e+02 
 3.36057108e+02  3.07489331e+02 
 3.37057108e+02  3.07486884e+02 
 3.38057108e+02  3.07484419e+02 
 3.39057108e+02  3.07481936e+02 
 3.40057108e+02  3.07479434e+02 
 3.41057108e+02  3.07476916e+02 
 3.42057108e+02  3.07474379e+02 
 3.43057108e+02  3.07471826e+02 
 3.44057108e+02  3.07469256e+02 
 3.45057108e+02  3.07466670e+02 
 3.46057108e+02  3.07464067e+02 
 3.47057108e+02  3.07461449e+02 
 3.48057108e+02  3.07458815e+02 
 3.49057108e+02  3.07456166e+02 
 3.50057108e+02  3.07453501e+02 
 3.51057108e+02  3.07450822e+02 
 3.52057108e+02  3.07448128e+02 
 3.53057108e+02  3.07445419e+02 
 3.54057108e+02  3.07442697e+02 
 3.55057108e+02  3.07439961e+02 
 3.56057108e+02  3.07437211e+02 
 3.57057108e+02  3.07434448e+02 
 3.58057108e+02  3.07431672e+02 
 3.59057108e+02  3.07428883e+02 
 3.60057108e+02  3.07426081e+02 
 3.61057108e+02  3.07423267e+02 
 3.62057108e+02  3.07420441e+02 
 3.63057108e+02  3.07417603e+02 
 3.64057108e+02  3.07414753e+02 
 3.65057108e+02  3.07411891e+02 
 3.66057108e+02  3.07409019e+02 
 3.67057108e+02  3.07406135e+02 
 3.68057108e+02  3.07403241e+02 
 3.69057108e+02  3.07400335e+02 
 3.70057108e+02  3.07397420e+02 
 3.71057108e+02  3.07394494e+02 
 3.72057108e+02  3.07391559e+02 
 3.73057108e+02  3.07388613e+02 
 3.74057108e+02  3.07385658e+02 
 3.75057108e+02  3.07382694e+02 
 3.76057108e+02  3.07379720e+02 
 3.77057108e+02  3.07376737e+02 
 3.78057108e+02  3.07373746e+02 
 3.79057108e+02  3.07370746e+02 
 3.80057108e+02  3.07367737e+02 
 3.81057108e+02  3.07364721e+02 
 3.82057108e+02  3.07361696e+02 
 3.83057108e+02  3.07358663e+02 
 3.84057108e+02  3.07355623e+02 
 3.85057108e+02  3.07352575e+02 
 3.86057108e+02  3.07349520e+02 
 3.87057108e+02  3.07346458e+02 
 3.88057108e+02  3.07343388e+02 
 3.89057108e+02  3.07340312e+02 
 3.90057108e+02  3.07337229e+02 
 3.91057108e+02  3.07334140e+02 
 3.92057108e+02  3.07331044e+02 
 3.93057108e+02  3.07327942e+02 
 3.94057108e+02  3.07324835e+02 
 3.95057108e+02  3.07321721e+02 
 3.96057108e+02  3.07318601e+02 
 3.97057108e+02  3.07315476e+02 
 3.98057108e+02  3.07312346e+02 
 3.99057108e+02  3.07309211e+02 
 4.00057108e+02  3.07306070e+02 
 4.01057108e+02  3.07302924e+02 
 4.02057108e+02  3.07299774e+02 
 4.03057108e+02  3.07296619e+02 
 4.04057108e+02  3.07293459e+02 
 4.05057108e+02  3.07290295e+02 
 4.06057108e+02  3.07287127e+02 
 4.07057108e+02  3.07283955e+02 
 4.08057108e+02  3.07280779e+02 
 4.09057108e+02  3.07277598e+02 
 4.10057108e+02  3.07274415e+02 
 4.11057108e+02  3.07271227e+02 
 4.12057108e+02  3.07268037e+02 
 4.13057108e+02  3.07264842e+02 
 4.14057108e+02  3.07261645e+02 
 4.15057108e+02  3.07258445e+02 
 4.16057108e+02  3.07255242e+02 
 4.17057108e+02  3.07252036e+02 
 4.18057108e+02  3.07248827e+02 
 4.19057108e+02  3.07245615e+02 
 4.20057108e+02  3.07242402e+02 
 4.21057108e+02  3.07239186e+02 
 4.22057108e+02  3.07235967e+02 
 4.23057108e+02  3.07232747e+02 
 4.24057108e+02  3.07229524e+02 
 4.25057108e+02  3.07226300e+02 
 4.26057108e+02  3.07223074e+02 
 4.27057108e+02  3.07219846e+02 
 4.28057108e+02  3.07216616e+02 
 4.29057108e+02  3.07213386e+02 
 4.30057108e+02  3.07210153e+02 
 4.31057108e+02  3.07206920e+02 
 4.32057108e+02  3.07203685e+02 
 4.33057108e+02  3.07200449e+02 
 4.34057108e+02  3.07197213e+02 
 4.35057108e+02  3.07193975e+02 
 4.36057108e+02  3.07190737e+02 
 4.37057108e+02  3.07187498e+02 
 4.38057108e+02  3.07184259e+02 
 4.39057108e+02  3.07181018e+02 
 4.40057108e+02  3.07177778e+02 
 4.41057108e+02  3.07174537e+02 
 4.42057108e+02  3.07171296e+02 
 4.43057108e+02  3.07168055e+02 
 4.44057108e+02  3.07164814e+02 
 4.45057108e+02  3.07161573e+02 
 4.46057108e+02  3.07158332e+02 
 4.47057108e+02  3.07155092e+02 
 4.48057108e+02  3.07151851e+02 
 4.49057108e+02  3.07148611e+02 
 4.50057108e+02  3.07145372e+02 
 4.51057108e+02  3.07142133e+02 
 4.52057108e+02  3.07138894e+02 
 4.53057108e+02  3.07135657e+02 
 4.54057108e+02  3.07132420e+02 
 4.55057108e+02  3.07129184e+02 
 4.56057108e+02  3.07125949e+02 
 4.57057108e+02  3.07122714e+02 
 4.58057108e+02  3.07119481e+02 
 4.59057108e+02  3.07116249e+02 
 4.60057108e+02  3.07113019e+02 
 4.61057108e+02  3.07109789e+02 
 4.62057108e+02  3.07106561e+02 
 4.63057108e+02  3.07103335e+02 
 4.64057108e+02  3.07100109e+02 
 4.65057108e+02  3.07096886e+02 
 4.66057108e+02  3.07093664e+02 
 4.67057108e+02  3.07090444e+02 
 4.68057108e+02  3.07087225e+02 
 4.69057108e+02  3.07084008e+02 
 4.70057108e+02  3.07080793e+02 
 4.71057108e+02  3.07077580e+02 
 4.72057108e+02  3.07074370e+02 
 4.73057108e+02  3.07071161e+02 
 4.74057108e+02  3.07067954e+02 
 4.75057108e+02  3.07064749e+02 
 4.76057108e+02  3.07061547e+02 
 4.77057108e+02  3.07058347e+02 
 4.78057108e+02  3.07055149e+02 
 4.79057108e+02  3.07051954e+02 
 4.80057108e+02  3.07048761e+02 
 4.81057108e+02  3.07045570e+02 
 4.82057108e+02  3.07042382e+02 
 4.83057108e+02  3.07039197e+02 
 4.84057108e+02  3.07036015e+02 
 4.85057108e+02  3.07032835e+02 
 4.86057108e+02  3.07029658e+02 
 4.87057108e+02  3.07026483e+02 
 4.88057108e+02  3.07023312e+02 
 4.89057108e+02  3.07020143e+02 
 4.90057108e+02  3.07016978e+02 
 4.91057108e+02  3.07013815e+02 
 4.92057108e+02  3.07010655e+02 
 4.93057108e+02  3.07007499e+02 
 4.94057108e+02  3.07004346e+02 
 4.95057108e+02  3.07001195e+02 
 4.96057108e+02  3.06998048e+02 
 4.97057108e+02  3.06994905e+02 
 4.98057108e+02  3.06991764e+02 
 4.99057108e+02  3.06988627e+02 
 5.00057108e+02  3.06985493e+02 
 5.01057108e+02  3.06982363e+02 
 5.02057108e+02  3.06979236e+02 
 5.03057108e+02  3.06976113e+02 
 5.04057108e+02  3.06972993e+02 
 5.05057108e+02  3.06969877e+02 
 5.06057108e+02  3.06966764e+02 
 5.07057108e+02  3.06963656e+02 
 5.08057108e+02  3.06960550e+02 
 5.09057108e+02  3.06957449e+02 
 5.10057108e+02  3.06954351e+02 
 5.11057108e+02  3.06951257e+02 
 5.12057108e+02  3.06948167e+02 
 5.13057108e+02  3.06945081e+02 
 5.14057108e+02  3.06941998e+02 
 5.15057108e+02  3.06938920e+02 
 5.16057108e+02  3.06935845e+02 
 5.17057108e+02  3.06932775e+02 
 5.18057108e+02  3.06929708e+02 
 5.19057108e+02  3.06926646e+02 
 5.20057108e+02  3.06923587e+02 
 5.21057108e+02  3.06920533e+02 
 5.22057108e+02  3.06917483e+02 
 5.23057108e+02  3.06914437e+02 
 5.24057108e+02  3.06911395e+02 
 5.25057108e+02  3.06908357e+02 
 5.26057108e+02  3.06905324e+02 
 5.27057108e+02  3.06902295e+02 
 5.28057108e+02  3.06899270e+02 
 5.29057108e+02  3.06896249e+02 
 5.30057108e+02  3.06893233e+02 
 5.31057108e+02  3.06890222e+02 
 5.32057108e+02  3.06887214e+02 
 5.33057108e+02  3.06884211e+02 
 5.34057108e+02  3.06881213e+02 
 5.35057108e+02  3.06878219e+02 
 5.36057108e+02  3.06875229e+02 
 5.37057108e+02  3.06872244e+02 
 5.38057108e+02  3.06869264e+02 
 5.39057108e+02  3.06866288e+02 
 5.40057108e+02  3.06863316e+02 
 5.41057108e+02  3.06860349e+02 
 5.42057108e+02  3.06857387e+02 
 5.43057108e+02  3.06854430e+02 
 5.44057108e+02  3.06851477e+02 
 5.45057108e+02  3.06848529e+02 
 5.46057108e+02  3.06845585e+02 
 5.47057108e+02  3.06842646e+02 
 5.48057108e+02  3.06839712e+02 
 5.49057108e+02  3.06836783e+02 
 5.50057108e+02  3.06833858e+02 
 5.51057108e+02  3.06830939e+02 
 5.52057108e+02  3.06828024e+02 
 5.53057108e+02  3.06825114e+02 
 5.54057108e+02  3.06822208e+02 
 5.55057108e+02  3.06819308e+02 
 5.56057108e+02  3.06816412e+02 
 5.57057108e+02  3.06813521e+02 
 5.58057108e+02  3.06810635e+02 
 5.59057108e+02  3.06807755e+02 
 5.60057108e+02  3.06804878e+02 
 5.61057108e+02  3.06802007e+02 
 5.62057108e+02  3.06799141e+02 
 5.63057108e+02  3.06796280e+02 
 5.64057108e+02  3.06793424e+02 
 5.65057108e+02  3.06790573e+02 
 5.66057108e+02  3.06787726e+02 
 5.67057108e+02  3.06784885e+02 
 5.68057108e+02  3.06782049e+02 
 5.69057108e+02  3.06779218e+02 
 5.70057108e+02  3.06776392e+02 
 5.71057108e+02  3.06773570e+02 
 5.72057108e+02  3.06770754e+02 
 5.73057108e+02  3.06767943e+02 
 5.74057108e+02  3.06765138e+02 
 5.75057108e+02  3.06762337e+02 
 5.76057108e+02  3.06759541e+02 
 5.77057108e+02  3.06756751e+02 
 5.78057108e+02  3.06753965e+02 
 5.79057108e+02  3.06751185e+02 
 5.80057108e+02  3.06748410e+02 
 5.81057108e+02  3.06745640e+02 
 5.82057108e+02  3.06742875e+02 
 5.83057108e+02  3.06740115e+02 
 5.84057108e+02  3.06737361e+02 
 5.85057108e+02  3.06734611e+02 
 5.86057108e+02  3.06731867e+02 
 5.87057108e+02  3.06729128e+02 
 5.88057108e+02  3.06726395e+02 
 5.89057108e+02  3.06723666e+02 
 5.90057108e+02  3.06720943e+02 
 5.91057108e+02  3.06718225e+02 
 5.92057108e+02  3.06715512e+02 
 5.93057108e+02  3.06712804e+02 
 5.94057108e+02  3.06710102e+02 
 5.95057108e+02  3.06707404e+02 
 5.96057108e+02  3.06704713e+02 
 5.97057108e+02  3.06702026e+02 
 5.98057108e+02  3.06699344e+02 
 5.99057108e+02  3.06696668e+02 
 6.00057108e+02  3.06693997e+02 
 6.01057108e+02  3.06691332e+02 
 6.02057108e+02  3.06688671e+02 
 6.03057108e+02  3.06686016e+02 
 6.04057108e+02  3.06683366e+02 
 6.05057108e+02  3.06680722e+02 
 6.06057108e+02  3.06678083e+02 
 6.07057108e+02  3.06675449e+02 
 6.08057108e+02  3.06672820e+02 
 6.09057108e+02  3.06670197e+02 
 6.10057108e+02  3.06667579e+02 
 6.11057108e+02  3.06664966e+02 
 6.12057108e+02  3.06662358e+02 
 6.13057108e+02  3.06659756e+02 
 6.14057108e+02  3.06657159e+02 
 6.15057108e+02  3.06654568e+02 
 6.16057108e+02  3.06651981e+02 
 6.17057108e+02  3.06649400e+02 
 6.18057108e+02  3.06646825e+02 
 6.19057108e+02  3.06644254e+02 
 6.20057108e+02  3.06641689e+02 
 6.21057108e+02  3.06639130e+02 
 6.22057108e+02  3.06636575e+02 
 6.23057108e+02  3.06634026e+02 
 6.24057108e+02  3.06631482e+02 
 6.25057108e+02  3.06628944e+02 
 6.26057108e+02  3.06626411e+02 
 6.27057108e+02  3.06623883e+02 
 6.28057108e+02  3.06621360e+02 
 6.29057108e+02  3.06618843e+02 
 6.30057108e+02  3.06616331e+02 
 6.31057108e+02  3.06613825e+02 
 6.32057108e+02  3.06611323e+02 
 6.33057108e+02  3.06608827e+02 
 6.34057108e+02  3.06606337e+02 
 6.35057108e+02  3.06603851e+02 
 6.36057108e+02  3.06601371e+02 
 6.37057108e+02  3.06598896e+02 
 6.38057108e+02  3.06596427e+02 
 6.39057108e+02  3.06593963e+02 
 6.40057108e+02  3.06591504e+02 
 6.41057108e+02  3.06589050e+02 
 6.42057108e+02  3.06586602e+02 
 6.43057108e+02  3.06584159e+02 
 6.44057108e+02  3.06581721e+02 
 6.45057108e+02  3.06579289e+02 
 6.46057108e+02  3.06576861e+02 
 6.47057108e+02  3.06574440e+02 
 6.48057108e+02  3.06572023e+02 
 6.49057108e+02  3.06569612e+02 
 6.50057108e+02  3.06567206e+02 
 6.51057108e+02  3.06564805e+02 
 6.52057108e+02  3.06562409e+02 
 6.53057108e+02  3.06560019e+02 
 6.54057108e+02  3.06557634e+02 
 6.55057108e+02  3.06555254e+02 
 6.56057108e+02  3.06552880e+02 
 6.57057108e+02  3.06550510e+02 
 6.58057108e+02  3.06548146e+02 
 6.59057108e+02  3.06545788e+02 
 6.60057108e+02  3.06543434e+02 
 6.61057108e+02  3.06541086e+02 
 6.62057108e+02  3.06538743e+02 
 6.63057108e+02  3.06536405e+02 
 6.64057108e+02  3.06534072e+02 
 6.65057108e+02  3.06531745e+02 
 6.66057108e+02  3.06529423e+02 
 6.67057108e+02  3.06527106e+02 
 6.68057108e+02  3.06524794e+02 
 6.69057108e+02  3.06522487e+02 
 6.70057108e+02  3.06520186e+02 
 6.71057108e+02  3.06517890e+02 
 6.72057108e+02  3.06515599e+02 
 6.73057108e+02  3.06513313e+02 
 6.74057108e+02  3.06511032e+02 
 6.75057108e+02  3.06508757e+02 
 6.76057108e+02  3.06506486e+02 
 6.77057108e+02  3.06504221e+02 
 6.78057108e+02  3.06501961e+02 
 6.79057108e+02  3.06499706e+02 
 6.80057108e+02  3.06497456e+02 
 6.81057108e+02  3.06495212e+02 
 6.82057108e+02  3.06492972e+02 
 6.83057108e+02  3.06490738e+02 
 6.84057108e+02  3.06488508e+02 
 6.85057108e+02  3.06486284e+02 
 6.86057108e+02  3.06484065e+02 
 6.87057108e+02  3.06481851e+02 
 6.88057108e+02  3.06479642e+02 
 6.89057108e+02  3.06477439e+02 
 6.90057108e+02  3.06475240e+02 
 6.91057108e+02  3.06473046e+02 
 6.92057108e+02  3.06470858e+02 
 6.93057108e+02  3.06468674e+02 
 6.94057108e+02  3.06466496e+02 
 6.95057108e+02  3.06464323e+02 
 6.96057108e+02  3.06462154e+02 
 6.97057108e+02  3.06459991e+02 
 6.98057108e+02  3.06457833e+02 
 6.99057108e+02  3.06455679e+02 
 7.00057108e+02  3.06453531e+02 
 7.01057108e+02  3.06451388e+02 
 7.02057108e+02  3.06449250e+02 
 7.03057108e+02  3.06447117e+02 
 7.04057108e+02  3.06444988e+02 
 7.05057108e+02  3.06442865e+02 
 7.06057108e+02  3.06440747e+02 
 7.07057108e+02  3.06438634e+02 
 7.08057108e+02  3.06436525e+02 
 7.09057108e+02  3.06434422e+02 
 7.10057108e+02  3.06432324e+02 
 7.11057108e+02  3.06430230e+02 
 7.12057108e+02  3.06428142e+02 
 7.13057108e+02  3.06426058e+02 
 7.14057108e+02  3.06423979e+02 
 7.15057108e+02  3.06421905e+02 
 7.16057108e+02  3.06419837e+02 
 7.17057108e+02  3.06417773e+02 
 7.18057108e+02  3.06415713e+02 
 7.19057108e+02  3.06413659e+02 
 7.20057108e+02  3.06411610e+02 
 7.21057108e+02  3.06409565e+02 
 7.22057108e+02  3.06407526e+02 
 7.23057108e+02  3.06405491e+02 
 7.24057108e+02  3.06403461e+02 
 7.25057108e+02  3.06401436e+02 
 7.26057108e+02  3.06399416e+02 
 7.27057108e+02  3.06397401e+02 
 7.28057108e+02  3.06395390e+02 
 7.29057108e+02  3.06393384e+02 
 7.30057108e+02  3.06391383e+02 
 7.31057108e+02  3.06389387e+02 
 7.32057108e+02  3.06387396e+02 
 7.33057108e+02  3.06385409e+02 
 7.34057108e+02  3.06383427e+02 
 7.35057108e+02  3.06381450e+02 
 7.36057108e+02  3.06379478e+02 
 7.37057108e+02  3.06377510e+02 
 7.38057108e+02  3.06375547e+02 
 7.39057108e+02  3.06373589e+02 
 7.40057108e+02  3.06371636e+02 
 7.41057108e+02  3.06369687e+02 
 7.42057108e+02  3.06367743e+02 
 7.43057108e+02  3.06365803e+02 
 7.44057108e+02  3.06363869e+02 
 7.45057108e+02  3.06361939e+02 
 7.46057108e+02  3.06360014e+02 
 7.47057108e+02  3.06358093e+02 
 7.48057108e+02  3.06356177e+02 
 7.49057108e+02  3.06354266e+02 
 7.50057108e+02  3.06352359e+02 
 7.51057108e+02  3.06350457e+02 
 7.52057108e+02  3.06348560e+02 
 7.53057108e+02  3.06346667e+02 
 7.54057108e+02  3.06344779e+02 
 7.55057108e+02  3.06342895e+02 
 7.56057108e+02  3.06341016e+02 
 7.57057108e+02  3.06339141e+02 
 7.58057108e+02  3.06337272e+02 
 7.59057108e+02  3.06335406e+02 
 7.60057108e+02  3.06333546e+02 
 7.61057108e+02  3.06331689e+02 
 7.62057108e+02  3.06329838e+02 
 7.63057108e+02  3.06327990e+02 
 7.64057108e+02  3.06326148e+02 
 7.65057108e+02  3.06324310e+02 
 7.66057108e+02  3.06322476e+02 
 7.67057108e+02  3.06320647e+02 
 7.68057108e+02  3.06318822e+02 
 7.69057108e+02  3.06317002e+02 
 7.70057108e+02  3.06315187e+02 
 7.71057108e+02  3.06313375e+02 
 7.72057108e+02  3.06311569e+02 
 7.73057108e+02  3.06309766e+02 
 7.74057108e+02  3.06307968e+02 
 7.75057108e+02  3.06306175e+02 
 7.76057108e+02  3.06304386e+02 
 7.77057108e+02  3.06302601e+02 
 7.78057108e+02  3.06300821e+02 
 7.79057108e+02  3.06299045e+02 
 7.80057108e+02  3.06297274e+02 
 7.81057108e+02  3.06295507e+02 
 7.82057108e+02  3.06293744e+02 
 7.83057108e+02  3.06291986e+02 
 7.84057108e+02  3.06290232e+02 
 7.85057108e+02  3.06288482e+02 
 7.86057108e+02  3.06286737e+02 
 7.87057108e+02  3.06284996e+02 
 7.88057108e+02  3.06283259e+02 
 7.89057108e+02  3.06281527e+02 
 7.90057108e+02  3.06279799e+02 
 7.91057108e+02  3.06278075e+02 
 7.92057108e+02  3.06276355e+02 
 7.93057108e+02  3.06274640e+02 
 7.94057108e+02  3.06272929e+02 
 7.95057108e+02  3.06271222e+02 
 7.96057108e+02  3.06269520e+02 
 7.97057108e+02  3.06267822e+02 
 7.98057108e+02  3.06266128e+02 
 7.99057108e+02  3.06264438e+02 
 8.00057108e+02  3.06262752e+02 
 8.01057108e+02  3.06261071e+02 
 8.02057108e+02  3.06259394e+02 
 8.03057108e+02  3.06257721e+02 
 8.04057108e+02  3.06256052e+02 
 8.05057108e+02  3.06254387e+02 
 8.06057108e+02  3.06252727e+02 
 8.07057108e+02  3.06251071e+02 
 8.08057108e+02  3.06249418e+02 
 8.09057108e+02  3.06247770e+02 
 8.10057108e+02  3.06246126e+02 
 8.11057108e+02  3.06244486e+02 
 8.12057108e+02  3.06242851e+02 
 8.13057108e+02  3.06241219e+02 
 8.14057108e+02  3.06239592e+02 
 8.15057108e+02  3.06237968e+02 
 8.16057108e+02  3.06236349e+02 
 8.17057108e+02  3.06234733e+02 
 8.18057108e+02  3.06233122e+02 
 8.19057108e+02  3.06231515e+02 
 8.20057108e+02  3.06229912e+02 
 8.21057108e+02  3.06228313e+02 
 8.22057108e+02  3.06226717e+02 
 8.23057108e+02  3.06225126e+02 
 8.24057108e+02  3.06223539e+02 
 8.25057108e+02  3.06221956e+02 
 8.26057108e+02  3.06220377e+02 
 8.27057108e+02  3.06218802e+02 
 8.28057108e+02  3.06217230e+02 
 8.29057108e+02  3.06215663e+02 
 8.30057108e+02  3.06214100e+02 
 8.31057108e+02  3.06212541e+02 
 8.32057108e+02  3.06210985e+02 
 8.33057108e+02  3.06209434e+02 
 8.34057108e+02  3.06207886e+02 
 8.35057108e+02  3.06206342e+02 
 8.36057108e+02  3.06204803e+02 
 8.37057108e+02  3.06203267e+02 
 8.38057108e+02  3.06201735e+02 
 8.39057108e+02  3.06200207e+02 
 8.40057108e+02  3.06198682e+02 
 8.41057108e+02  3.06197162e+02 
 8.42057108e+02  3.06195645e+02 
 8.43057108e+02  3.06194133e+02 
 8.44057108e+02  3.06192624e+02 
 8.45057108e+02  3.06191119e+02 
 8.46057108e+02  3.06189617e+02 
 8.47057108e+02  3.06188120e+02 
 8.48057108e+02  3.06186626e+02 
 8.49057108e+02  3.06185136e+02 
 8.50057108e+02  3.06183650e+02 
 8.51057108e+02  3.06182168e+02 
 8.52057108e+02  3.06180689e+02 
 8.53057108e+02  3.06179214e+02 
 8.54057108e+02  3.06177743e+02 
 8.55057108e+02  3.06176276e+02 
 8.56057108e+02  3.06174812e+02 
 8.57057108e+02  3.06173353e+02 
 8.58057108e+02  3.06171896e+02 
 8.59057108e+02  3.06170444e+02 
 8.60057108e+02  3.06168995e+02 
 8.61057108e+02  3.06167550e+02 
 8.62057108e+02  3.06166109e+02 
 8.63057108e+02  3.06164671e+02 
 8.64057108e+02  3.06163237e+02 
 8.65057108e+02  3.06161806e+02 
 8.66057108e+02  3.06160379e+02 
 8.67057108e+02  3.06158956e+02 
 8.68057108e+02  3.06157537e+02 
 8.69057108e+02  3.06156121e+02 
 8.70057108e+02  3.06154709e+02 
 8.71057108e+02  3.06153300e+02 
 8.72057108e+02  3.06151895e+02 
 8.73057108e+02  3.06150493e+02 
 8.74057108e+02  3.06149095e+02 
 8.75057108e+02  3.06147701e+02 
 8.76057108e+02  3.06146310e+02 
 8.77057108e+02  3.06144923e+02 
 8.78057108e+02  3.06143539e+02 
 8.79057108e+02  3.06142159e+02 
 8.80057108e+02  3.06140782e+02 
 8.81057108e+02  3.06139409e+02 
 8.82057108e+02  3.06138039e+02 
 8.83057108e+02  3.06136673e+02 
 8.84057108e+02  3.06135311e+02 
 8.85057108e+02  3.06133951e+02 
 8.86057108e+02  3.06132596e+02 
 8.87057108e+02  3.06131244e+02 
 8.88057108e+02  3.06129895e+02 
 8.89057108e+02  3.06128550e+02 
 8.90057108e+02  3.06127208e+02 
 8.91057108e+02  3.06125869e+02 
 8.92057108e+02  3.06124534e+02 
 8.93057108e+02  3.06123203e+02 
 8.94057108e+02  3.06121875e+02 
 8.95057108e+02  3.06120550e+02 
 8.96057108e+02  3.06119229e+02 
 8.97057108e+02  3.06117911e+02 
 8.98057108e+02  3.06116596e+02 
 8.99057108e+02  3.06115285e+02 
 9.00057108e+02  3.06113977e+02 
 9.01057108e+02  3.06112673e+02 
 9.02057108e+02  3.06111371e+02 
 9.03057108e+02  3.06110074e+02 
 9.04057108e+02  3.06108779e+02 
 9.05057108e+02  3.06107488e+02 
 9.06057108e+02  3.06106200e+02 
 9.07057108e+02  3.06104916e+02 
 9.08057108e+02  3.06103635e+02 
 9.09057108e+02  3.06102357e+02 
 9.10057108e+02  3.06101082e+02 
 9.11057108e+02  3.06099811e+02 
 9.12057108e+02  3.06098543e+02 
 9.13057108e+02  3.06097278e+02 
 9.14057108e+02  3.06096016e+02 
 9.15057108e+02  3.06094758e+02 
 9.16057108e+02  3.06093503e+02 
 9.17057108e+02  3.06092251e+02 
 9.18057108e+02  3.06091002e+02 
 9.19057108e+02  3.06089757e+02 
 9.20057108e+02  3.06088515e+02 
 9.21057108e+02  3.06087276e+02 
 9.22057108e+02  3.06086040e+02 
 9.23057108e+02  3.06084807e+02 
 9.24057108e+02  3.06083578e+02 
 9.25057108e+02  3.06082352e+02 
 9.26057108e+02  3.06081129e+02 
 9.27057108e+02  3.06079909e+02 
 9.28057108e+02  3.06078692e+02 
 9.29057108e+02  3.06077478e+02 
 9.30057108e+02  3.06076268e+02 
 9.31057108e+02  3.06075060e+02 
 9.32057108e+02  3.06073856e+02 
 9.33057108e+02  3.06072655e+02 
 9.34057108e+02  3.06071457e+02 
 9.35057108e+02  3.06070262e+02 
 9.36057108e+02  3.06069070e+02 
 9.37057108e+02  3.06067881e+02 
 9.38057108e+02  3.06066695e+02 
 9.39057108e+02  3.06065512e+02 
 9.40057108e+02  3.06064333e+02 
 9.41057108e+02  3.06063156e+02 
 9.42057108e+02  3.06061983e+02 
 9.43057108e+02  3.06060812e+02 
 9.44057108e+02  3.06059645e+02 
 9.45057108e+02  3.06058480e+02 
 9.46057108e+02  3.06057319e+02 
 9.47057108e+02  3.06056160e+02 
 9.48057108e+02  3.06055005e+02 
 9.49057108e+02  3.06053852e+02 
 9.50057108e+02  3.06052703e+02 
 9.51057108e+02  3.06051556e+02 
 9.52057108e+02  3.06050413e+02 
 9.53057108e+02  3.06049272e+02 
 9.54057108e+02  3.06048134e+02 
 9.55057108e+02  3.06047000e+02 
 9.56057108e+02  3.06045868e+02 
 9.57057108e+02  3.06044739e+02 
 9.58057108e+02  3.06043613e+02 
 9.59057108e+02  3.06042490e+02 
 9.60057108e+02  3.06041370e+02 
 9.61057108e+02  3.06040253e+02 
 9.62057108e+02  3.06039139e+02 
 9.63057108e+02  3.06038027e+02 
 9.64057108e+02  3.06036919e+02 
 9.65057108e+02  3.06035813e+02 
 9.66057108e+02  3.06034710e+02 
 9.67057108e+02  3.06033610e+02 
 9.68057108e+02  3.06032513e+02 
 9.69057108e+02  3.06031419e+02 
 9.70057108e+02  3.06030328e+02 
 9.71057108e+02  3.06029239e+02 
 9.72057108e+02  3.06028153e+02 
 9.73057108e+02  3.06027071e+02 
 9.74057108e+02  3.06025990e+02 
 9.75057108e+02  3.06024913e+02 
 9.76057108e+02  3.06023839e+02 
 9.77057108e+02  3.06022767e+02 
 9.78057108e+02  3.06021698e+02 
 9.79057108e+02  3.06020632e+02 
 9.80057108e+02  3.06019568e+02 
 9.81057108e+02  3.06018508e+02 
 9.82057108e+02  3.06017450e+02 
 9.83057108e+02  3.06016395e+02 
 9.84057108e+02  3.06015342e+02 
 9.85057108e+02  3.06014293e+02 
 9.86057108e+02  3.06013246e+02 
 9.87057108e+02  3.06012202e+02 
 9.88057108e+02  3.06011160e+02 
 9.89057108e+02  3.06010121e+02 
 9.90057108e+02  3.06009085e+02 
 9.91057108e+02  3.06008052e+02 
 9.92057108e+02  3.06007021e+02 
 9.93057108e+02  3.06005993e+02 
 9.94057108e+02  3.06004968e+02 
 9.95057108e+02  3.06003945e+02 
 9.96057108e+02  3.06002925e+02 
 9.97057108e+02  3.06001908e+02 
 9.98057108e+02  3.06000893e+02 
 9.99057108e+02  3.05999881e+02 
 1.00005711e+03  3.05998871e+02 
 1.00105711e+03  3.05997864e+02 
 1.00205711e+03  3.05996860e+02 
 1.00305711e+03  3.05995859e+02 
 1.00405711e+03  3.05994860e+02 
 1.00505711e+03  3.05993863e+02 
 1.00605711e+03  3.05992869e+02 
 1.00705711e+03  3.05991878e+02 
 1.00805711e+03  3.05990890e+02 
 1.00905711e+03  3.05989904e+02 
 1.01005711e+03  3.05988920e+02 
 1.01105711e+03  3.05987939e+02 
 1.01205711e+03  3.05986961e+02 
 1.01305711e+03  3.05985985e+02 
 1.01405711e+03  3.05985012e+02 
 1.01505711e+03  3.05984041e+02 
 1.01605711e+03  3.05983073e+02 
 1.01705711e+03  3.05982107e+02 
 1.01805711e+03  3.05981144e+02 
 1.01905711e+03  3.05980183e+02 
 1.02005711e+03  3.05979225e+02 
 1.02105711e+03  3.05978269e+02 
 1.02205711e+03  3.05977316e+02 
 1.02305711e+03  3.05976365e+02 
 1.02405711e+03  3.05975417e+02 
 1.02505711e+03  3.05974471e+02 
 1.02605711e+03  3.05973528e+02 
 1.02705711e+03  3.05972587e+02 
 1.02805711e+03  3.05971649e+02 
 1.02905711e+03  3.05970713e+02 
 1.03005711e+03  3.05969779e+02 
 1.03105711e+03  3.05968848e+02 
 1.03205711e+03  3.05967920e+02 
 1.03305711e+03  3.05966993e+02 
 1.03405711e+03  3.05966070e+02 
 1.03505711e+03  3.05965148e+02 
 1.03605711e+03  3.05964229e+02 
 1.03705711e+03  3.05963313e+02 
 1.03805711e+03  3.05962398e+02 
 1.03905711e+03  3.05961487e+02 
 1.04005711e+03  3.05960577e+02 
 1.04105711e+03  3.05959670e+02 
 1.04205711e+03  3.05958765e+02 
 1.04305711e+03  3.05957863e+02 
 1.04405711e+03  3.05956963e+02 
 1.04505711e+03  3.05956066e+02 
 1.04605711e+03  3.05955170e+02 
 1.04705711e+03  3.05954277e+02 
 1.04805711e+03  3.05953387e+02 
 1.04905711e+03  3.05952498e+02 
 1.05005711e+03  3.05951612e+02 
 1.05105711e+03  3.05950729e+02 
 1.05205711e+03  3.05949847e+02 
 1.05305711e+03  3.05948968e+02 
 1.05405711e+03  3.05948092e+02 
 1.05505711e+03  3.05947217e+02 
 1.05605711e+03  3.05946345e+02 
 1.05705711e+03  3.05945475e+02 
 1.05805711e+03  3.05944608e+02 
 1.05905711e+03  3.05943742e+02 
 1.06005711e+03  3.05942879e+02 
 1.06105711e+03  3.05942018e+02 
 1.06205711e+03  3.05941160e+02 
 1.06305711e+03  3.05940303e+02 
 1.06405711e+03  3.05939449e+02 
 1.06505711e+03  3.05938597e+02 
 1.06605711e+03  3.05937748e+02 
 1.06705711e+03  3.05936900e+02 
 1.06805711e+03  3.05936055e+02 
 1.06905711e+03  3.05935212e+02 
 1.07005711e+03  3.05934371e+02 
 1.07105711e+03  3.05933533e+02 
 1.07205711e+03  3.05932696e+02 
 1.07305711e+03  3.05931862e+02 
 1.07405711e+03  3.05931030e+02 
 1.07505711e+03  3.05930200e+02 
 1.07605711e+03  3.05929372e+02 
 1.07705711e+03  3.05928547e+02 
 1.07805711e+03  3.05927723e+02 
 1.07905711e+03  3.05926902e+02 
 1.08005711e+03  3.05926083e+02 
 1.08105711e+03  3.05925266e+02 
 1.08205711e+03  3.05924451e+02 
 1.08305711e+03  3.05923639e+02 
 1.08405711e+03  3.05922828e+02 
 1.08505711e+03  3.05922020e+02 
 1.08605711e+03  3.05921214e+02 
 1.08705711e+03  3.05920409e+02 
 1.08805711e+03  3.05919607e+02 
 1.08905711e+03  3.05918807e+02 
 1.09005711e+03  3.05918009e+02 
 1.09105711e+03  3.05917214e+02 
 1.09205711e+03  3.05916420e+02 
 1.09305711e+03  3.05915628e+02 
 1.09405711e+03  3.05914839e+02 
 1.09505711e+03  3.05914051e+02 
 1.09605711e+03  3.05913266e+02 
 1.09705711e+03  3.05912482e+02 
 1.09805711e+03  3.05911701e+02 
 1.09905711e+03  3.05910922e+02 
 1.10005711e+03  3.05910144e+02 
 1.10105711e+03  3.05909369e+02 
 1.10205711e+03  3.05908596e+02 
 1.10305711e+03  3.05907825e+02 
 1.10405711e+03  3.05907056e+02 
 1.10505711e+03  3.05906288e+02 
 1.10605711e+03  3.05905523e+02 
 1.10705711e+03  3.05904760e+02 
 1.10805711e+03  3.05903999e+02 
 1.10905711e+03  3.05903240e+02 
 1.11005711e+03  3.05902483e+02 
 1.11105711e+03  3.05901728e+02 
 1.11205711e+03  3.05900974e+02 
 1.11305711e+03  3.05900223e+02 
 1.11405711e+03  3.05899474e+02 
 1.11505711e+03  3.05898727e+02 
 1.11605711e+03  3.05897981e+02 
 1.11705711e+03  3.05897238e+02 
 1.11805711e+03  3.05896497e+02 
 1.11905711e+03  3.05895757e+02 
 1.12005711e+03  3.05895020e+02 
 1.12105711e+03  3.05894284e+02 
 1.12205711e+03  3.05893550e+02 
 1.12305711e+03  3.05892818e+02 
 1.12405711e+03  3.05892089e+02 
 1.12505711e+03  3.05891361e+02 
 1.12605711e+03  3.05890635e+02 
 1.12705711e+03  3.05889911e+02 
 1.12805711e+03  3.05889188e+02 
 1.12905711e+03  3.05888468e+02 
 1.13005711e+03  3.05887750e+02 
 1.13105711e+03  3.05887033e+02 
 1.13205711e+03  3.05886318e+02 
 1.13305711e+03  3.05885605e+02 
 1.13405711e+03  3.05884895e+02 
 1.13505711e+03  3.05884185e+02 
 1.13605711e+03  3.05883478e+02 
 1.13705711e+03  3.05882773e+02 
 1.13805711e+03  3.05882069e+02 
 1.13905711e+03  3.05881368e+02 
 1.14005711e+03  3.05880668e+02 
 1.14105711e+03  3.05879970e+02 
 1.14205711e+03  3.05879274e+02 
 1.14305711e+03  3.05878579e+02 
 1.14405711e+03  3.05877887e+02 
 1.14505711e+03  3.05877196e+02 
 1.14605711e+03  3.05876507e+02 
 1.14705711e+03  3.05875820e+02 
 1.14805711e+03  3.05875135e+02 
 1.14905711e+03  3.05874451e+02 
 1.15005711e+03  3.05873770e+02 
 1.15105711e+03  3.05873090e+02 
 1.15205711e+03  3.05872412e+02 
 1.15305711e+03  3.05871735e+02 
 1.15405711e+03  3.05871061e+02 
 1.15505711e+03  3.05870388e+02 
 1.15605711e+03  3.05869717e+02 
 1.15705711e+03  3.05869048e+02 
 1.15805711e+03  3.05868380e+02 
 1.15905711e+03  3.05867714e+02 
 1.16005711e+03  3.05867050e+02 
 1.16105711e+03  3.05866388e+02 
 1.16205711e+03  3.05865727e+02 
 1.16305711e+03  3.05865069e+02 
 1.16405711e+03  3.05864411e+02 
 1.16505711e+03  3.05863756e+02 
 1.16605711e+03  3.05863102e+02 
 1.16705711e+03  3.05862451e+02 
 1.16805711e+03  3.05861800e+02 
 1.16905711e+03  3.05861152e+02 
 1.17005711e+03  3.05860505e+02 
 1.17105711e+03  3.05859860e+02 
 1.17205711e+03  3.05859216e+02 
 1.17305711e+03  3.05858575e+02 
 1.17405711e+03  3.05857935e+02 
 1.17505711e+03  3.05857296e+02 
 1.17605711e+03  3.05856660e+02 
 1.17705711e+03  3.05856025e+02 
 1.17805711e+03  3.05855391e+02 
 1.17905711e+03  3.05854759e+02 
 1.18005711e+03  3.05854129e+02 
 1.18105711e+03  3.05853501e+02 
 1.18205711e+03  3.05852874e+02 
 1.18305711e+03  3.05852249e+02 
 1.18405711e+03  3.05851626e+02 
 1.18505711e+03  3.05851004e+02 
 1.18605711e+03  3.05850384e+02 
 1.18705711e+03  3.05849765e+02 
 1.18805711e+03  3.05849148e+02 
 1.18905711e+03  3.05848533e+02 
 1.19005711e+03  3.05847919e+02 
 1.19105711e+03  3.05847307e+02 
 1.19205711e+03  3.05846697e+02 
 1.19305711e+03  3.05846088e+02 
 1.19405711e+03  3.05845481e+02 
 1.19505711e+03  3.05844875e+02 
 1.19605711e+03  3.05844271e+02 
 1.19705711e+03  3.05843668e+02 
 1.19805711e+03  3.05843067e+02 
 1.19905711e+03  3.05842468e+02 
 1.20005711e+03  3.05841870e+02 
 1.20105711e+03  3.05841274e+02 
 1.20205711e+03  3.05840679e+02 
 1.20305711e+03  3.05840086e+02 
 1.20405711e+03  3.05839495e+02 
 1.20505711e+03  3.05838905e+02 
 1.20605711e+03  3.05838316e+02 
 1.20705711e+03  3.05837730e+02 
 1.20805711e+03  3.05837144e+02 
 1.20905711e+03  3.05836560e+02 
 1.21005711e+03  3.05835978e+02 
 1.21105711e+03  3.05835397e+02 
 1.21205711e+03  3.05834818e+02 
 1.21305711e+03  3.05834241e+02 
 1.21405711e+03  3.05833664e+02 
 1.21505711e+03  3.05833090e+02 
 1.21605711e+03  3.05832517e+02 
 1.21705711e+03  3.05831945e+02 
 1.21805711e+03  3.05831375e+02 
 1.21905711e+03  3.05830806e+02 
 1.22005711e+03  3.05830239e+02 
 1.22105711e+03  3.05829673e+02 
 1.22205711e+03  3.05829109e+02 
 1.22305711e+03  3.05828546e+02 
 1.22405711e+03  3.05827985e+02 
 1.22505711e+03  3.05827426e+02 
 1.22605711e+03  3.05826867e+02 
 1.22705711e+03  3.05826310e+02 
 1.22805711e+03  3.05825755e+02 
 1.22905711e+03  3.05825201e+02 
 1.23005711e+03  3.05824649e+02 
 1.23105711e+03  3.05824098e+02 
 1.23205711e+03  3.05823548e+02 
 1.23305711e+03  3.05823000e+02 
 1.23405711e+03  3.05822454e+02 
 1.23505711e+03  3.05821908e+02 
 1.23605711e+03  3.05821365e+02 
 1.23705711e+03  3.05820822e+02 
 1.23805711e+03  3.05820281e+02 
 1.23905711e+03  3.05819742e+02 
 1.24005711e+03  3.05819204e+02 
 1.24105711e+03  3.05818667e+02 
 1.24205711e+03  3.05818132e+02 
 1.24305711e+03  3.05817598e+02 
 1.24405711e+03  3.05817066e+02 
 1.24505711e+03  3.05816534e+02 
 1.24605711e+03  3.05816005e+02 
 1.24705711e+03  3.05815477e+02 
 1.24805711e+03  3.05814950e+02 
 1.24905711e+03  3.05814424e+02 
 1.25005711e+03  3.05813900e+02 
 1.25105711e+03  3.05813377e+02 
 1.25205711e+03  3.05812856e+02 
 1.25305711e+03  3.05812336e+02 
 1.25405711e+03  3.05811817e+02 
 1.25505711e+03  3.05811300e+02 
 1.25605711e+03  3.05810784e+02 
 1.25705711e+03  3.05810270e+02 
 1.25805711e+03  3.05809756e+02 
 1.25905711e+03  3.05809245e+02 
 1.26005711e+03  3.05808734e+02 
 1.26105711e+03  3.05808225e+02 
 1.26205711e+03  3.05807717e+02 
 1.26305711e+03  3.05807211e+02 
 1.26405711e+03  3.05806706e+02 
 1.26505711e+03  3.05806202e+02 
 1.26605711e+03  3.05805699e+02 
 1.26705711e+03  3.05805198e+02 
 1.26805711e+03  3.05804698e+02 
 1.26905711e+03  3.05804200e+02 
 1.27005711e+03  3.05803702e+02 
 1.27105711e+03  3.05803206e+02 
 1.27205711e+03  3.05802712e+02 
 1.27305711e+03  3.05802218e+02 
 1.27405711e+03  3.05801726e+02 
 1.27505711e+03  3.05801236e+02 
 1.27605711e+03  3.05800746e+02 
 1.27705711e+03  3.05800258e+02 
 1.27805711e+03  3.05799771e+02 
 1.27905711e+03  3.05799286e+02 
 1.28005711e+03  3.05798801e+02 
 1.28105711e+03  3.05798318e+02 
 1.28205711e+03  3.05797836e+02 
 1.28305711e+03  3.05797356e+02 
 1.28405711e+03  3.05796877e+02 
 1.28505711e+03  3.05796399e+02 
 1.28605711e+03  3.05795922e+02 
 1.28705711e+03  3.05795447e+02 
 1.28805711e+03  3.05794972e+02 
 1.28905711e+03  3.05794499e+02 
 1.29005711e+03  3.05794028e+02 
 1.29105711e+03  3.05793557e+02 
 1.29205711e+03  3.05793088e+02 
 1.29305711e+03  3.05792620e+02 
 1.29405711e+03  3.05792153e+02 
 1.29505711e+03  3.05791687e+02 
 1.29605711e+03  3.05791223e+02 
 1.29705711e+03  3.05790760e+02 
 1.29805711e+03  3.05790298e+02 
 1.29905711e+03  3.05789837e+02 
 1.30005711e+03  3.05789378e+02 
 1.30105711e+03  3.05788920e+02 
 1.30205711e+03  3.05788463e+02 
 1.30305711e+03  3.05788007e+02 
 1.30405711e+03  3.05787552e+02 
 1.30505711e+03  3.05787099e+02 
 1.30605711e+03  3.05786646e+02 
 1.30705711e+03  3.05786195e+02 
 1.30805711e+03  3.05785745e+02 
 1.30905711e+03  3.05785297e+02 
 1.31005711e+03  3.05784849e+02 
 1.31105711e+03  3.05784403e+02 
 1.31205711e+03  3.05783957e+02 
 1.31305711e+03  3.05783513e+02 
 1.31405711e+03  3.05783071e+02 
 1.31505711e+03  3.05782629e+02 
 1.31605711e+03  3.05782188e+02 
 1.31705711e+03  3.05781749e+02 
 1.31805711e+03  3.05781311e+02 
 1.31905711e+03  3.05780874e+02 
 1.32005711e+03  3.05780438e+02 
 1.32105711e+03  3.05780003e+02 
 1.32205711e+03  3.05779569e+02 
 1.32305711e+03  3.05779137e+02 
 1.32405711e+03  3.05778706e+02 
 1.32505711e+03  3.05778275e+02 
 1.32605711e+03  3.05777846e+02 
 1.32705711e+03  3.05777418e+02 
 1.32805711e+03  3.05776991e+02 
 1.32905711e+03  3.05776566e+02 
 1.33005711e+03  3.05776141e+02 
 1.33105711e+03  3.05775718e+02 
 1.33205711e+03  3.05775295e+02 
 1.33305711e+03  3.05774874e+02 
 1.33405711e+03  3.05774454e+02 
 1.33505711e+03  3.05774035e+02 
 1.33605711e+03  3.05773617e+02 
 1.33705711e+03  3.05773200e+02 
 1.33805711e+03  3.05772784e+02 
 1.33905711e+03  3.05772370e+02 
 1.34005711e+03  3.05771956e+02 
 1.34105711e+03  3.05771544e+02 
 1.34205711e+03  3.05771132e+02 
 1.34305711e+03  3.05770722e+02 
 1.34405711e+03  3.05770313e+02 
 1.34505711e+03  3.05769905e+02 
 1.34605711e+03  3.05769498e+02 
 1.34705711e+03  3.05769092e+02 
 1.34805711e+03  3.05768687e+02 
 1.34905711e+03  3.05768283e+02 
 1.35005711e+03  3.05767880e+02 
 1.35105711e+03  3.05767478e+02 
 1.35205711e+03  3.05767078e+02 
 1.35305711e+03  3.05766678e+02 
 1.35405711e+03  3.05766280e+02 
 1.35505711e+03  3.05765882e+02 
 1.35605711e+03  3.05765486e+02 
 1.35705711e+03  3.05765090e+02 
 1.35805711e+03  3.05764696e+02 
 1.35905711e+03  3.05764302e+02 
 1.36005711e+03  3.05763910e+02 
 1.36105711e+03  3.05763519e+02 
 1.36205711e+03  3.05763128e+02 
 1.36305711e+03  3.05762739e+02 
 1.36405711e+03  3.05762351e+02 
 1.36505711e+03  3.05761964e+02 
 1.36605711e+03  3.05761578e+02 
 1.36705711e+03  3.05761192e+02 
 1.36805711e+03  3.05760808e+02 
 1.36905711e+03  3.05760425e+02 
 1.37005711e+03  3.05760043e+02 
 1.37105711e+03  3.05759662e+02 
 1.37205711e+03  3.05759282e+02 
 1.37305711e+03  3.05758903e+02 
 1.37405711e+03  3.05758525e+02 
 1.37505711e+03  3.05758147e+02 
 1.37605711e+03  3.05757771e+02 
 1.37705711e+03  3.05757396e+02 
 1.37805711e+03  3.05757022e+02 
 1.37905711e+03  3.05756649e+02 
 1.38005711e+03  3.05756277e+02 
 1.38105711e+03  3.05755905e+02 
 1.38205711e+03  3.05755535e+02 
 1.38305711e+03  3.05755166e+02 
 1.38405711e+03  3.05754798e+02 
 1.38505711e+03  3.05754430e+02 
 1.38605711e+03  3.05754064e+02 
 1.38705711e+03  3.05753699e+02 
 1.38805711e+03  3.05753334e+02 
 1.38905711e+03  3.05752971e+02 
 1.39005711e+03  3.05752608e+02 
 1.39105711e+03  3.05752247e+02 
 1.39205711e+03  3.05751886e+02 
 1.39305711e+03  3.05751526e+02 
 1.39405711e+03  3.05751168e+02 
 1.39505711e+03  3.05750810e+02 
 1.39605711e+03  3.05750453e+02 
 1.39705711e+03  3.05750097e+02 
 1.39805711e+03  3.05749742e+02 
 1.39905711e+03  3.05749388e+02 
 1.40005711e+03  3.05749035e+02 
 1.40105711e+03  3.05748683e+02 
 1.40205711e+03  3.05748332e+02 
 1.40305711e+03  3.05747981e+02 
 1.40405711e+03  3.05747632e+02 
 1.40505711e+03  3.05747283e+02 
 1.40605711e+03  3.05746936e+02 
 1.40705711e+03  3.05746589e+02 
 1.40805711e+03  3.05746244e+02 
 1.40905711e+03  3.05745899e+02 
 1.41005711e+03  3.05745555e+02 
 1.41105711e+03  3.05745212e+02 
 1.41205711e+03  3.05744870e+02 
 1.41305711e+03  3.05744529e+02 
 1.41405711e+03  3.05744188e+02 
 1.41505711e+03  3.05743849e+02 
 1.41605711e+03  3.05743510e+02 
 1.41705711e+03  3.05743173e+02 
 1.41805711e+03  3.05742836e+02 
 1.41905711e+03  3.05742500e+02 
 1.42005711e+03  3.05742165e+02 
 1.42105711e+03  3.05741831e+02 
 1.42205711e+03  3.05741498e+02 
 1.42305711e+03  3.05741165e+02 
 1.42405711e+03  3.05740834e+02 
 1.42505711e+03  3.05740503e+02 
 1.42605711e+03  3.05740174e+02 
 1.42705711e+03  3.05739845e+02 
 1.42805711e+03  3.05739517e+02 
 1.42905711e+03  3.05739190e+02 
 1.43005711e+03  3.05738864e+02 
 1.43105711e+03  3.05738538e+02 
 1.43205711e+03  3.05738214e+02 
 1.43305711e+03  3.05737890e+02 
 1.43405711e+03  3.05737567e+02 
 1.43505711e+03  3.05737245e+02 
 1.43605711e+03  3.05736924e+02 
 1.43705711e+03  3.05736604e+02 
 1.43805711e+03  3.05736284e+02 
 1.43905711e+03  3.05735966e+02 
 1.44005711e+03  3.05735648e+02 
 1.44105711e+03  3.05735331e+02 
 1.44205711e+03  3.05735015e+02 
 1.44305711e+03  3.05734700e+02 
 1.44405711e+03  3.05734385e+02 
 1.44505711e+03  3.05734071e+02 
 1.44605711e+03  3.05733759e+02 
 1.44705711e+03  3.05733447e+02 
 1.44805711e+03  3.05733136e+02 
 1.44905711e+03  3.05732825e+02 
 1.45005711e+03  3.05732516e+02 
 1.45105711e+03  3.05732207e+02 
 1.45205711e+03  3.05731899e+02 
 1.45305711e+03  3.05731592e+02 
 1.45405711e+03  3.05731286e+02 
 1.45505711e+03  3.05730980e+02 
 1.45605711e+03  3.05730676e+02 
 1.45705711e+03  3.05730372e+02 
 1.45805711e+03  3.05730069e+02 
 1.45905711e+03  3.05729767e+02 
 1.46005711e+03  3.05729465e+02 
 1.46105711e+03  3.05729164e+02 
 1.46205711e+03  3.05728865e+02 
 1.46305711e+03  3.05728565e+02 
 1.46405711e+03  3.05728267e+02 
 1.46505711e+03  3.05727970e+02 
 1.46605711e+03  3.05727673e+02 
 1.46705711e+03  3.05727377e+02 
 1.46805711e+03  3.05727082e+02 
 1.46905711e+03  3.05726787e+02 
 1.47005711e+03  3.05726494e+02 
 1.47105711e+03  3.05726201e+02 
 1.47205711e+03  3.05725909e+02 
 1.47305711e+03  3.05725618e+02 
 1.47405711e+03  3.05725327e+02 
 1.47505711e+03  3.05725037e+02 
 1.47605711e+03  3.05724748e+02 
 1.47705711e+03  3.05724460e+02 
 1.47805711e+03  3.05724172e+02 
 1.47905711e+03  3.05723886e+02 
 1.48005711e+03  3.05723600e+02 
 1.48105711e+03  3.05723315e+02 
 1.48205711e+03  3.05723030e+02 
 1.48305711e+03  3.05722746e+02 
 1.48405711e+03  3.05722463e+02 
 1.48505711e+03  3.05722181e+02 
 1.48605711e+03  3.05721900e+02 
 1.48705711e+03  3.05721619e+02 
 1.48805711e+03  3.05721339e+02 
 1.48905711e+03  3.05721060e+02 
 1.49005711e+03  3.05720781e+02 
 1.49105711e+03  3.05720503e+02 
 1.49205711e+03  3.05720226e+02 
 1.49305711e+03  3.05719950e+02 
 1.49405711e+03  3.05719674e+02 
 1.49505711e+03  3.05719399e+02 
 1.49605711e+03  3.05719125e+02 
 1.49705711e+03  3.05718852e+02 
 1.49805711e+03  3.05718579e+02 
 1.49905711e+03  3.05718307e+02 
 1.50005711e+03  3.05718036e+02 
 1.50105711e+03  3.05717765e+02 
 1.50205711e+03  3.05717495e+02 
 1.50305711e+03  3.05717226e+02 
 1.50405711e+03  3.05716957e+02 
 1.50505711e+03  3.05716690e+02 
 1.50605711e+03  3.05716423e+02 
 1.50705711e+03  3.05716156e+02 
 1.50805711e+03  3.05715891e+02 
 1.50905711e+03  3.05715626e+02 
 1.51005711e+03  3.05715361e+02 
 1.51105711e+03  3.05715098e+02 
 1.51205711e+03  3.05714835e+02 
 1.51305711e+03  3.05714573e+02 
 1.51405711e+03  3.05714311e+02 
 1.51505711e+03  3.05714051e+02 
 1.51605711e+03  3.05713791e+02 
 1.51705711e+03  3.05713531e+02 
 1.51805711e+03  3.05713272e+02 
 1.51905711e+03  3.05713014e+02 
 1.52005711e+03  3.05712757e+02 
 1.52105711e+03  3.05712500e+02 
 1.52205711e+03  3.05712244e+02 
 1.52305711e+03  3.05711989e+02 
 1.52405711e+03  3.05711734e+02 
 1.52505711e+03  3.05711480e+02 
 1.52605711e+03  3.05711227e+02 
 1.52705711e+03  3.05710974e+02 
 1.52805711e+03  3.05710722e+02 
 1.52905711e+03  3.05710471e+02 
 1.53005711e+03  3.05710220e+02 
 1.53105711e+03  3.05709970e+02 
 1.53205711e+03  3.05709721e+02 
 1.53305711e+03  3.05709472e+02 
 1.53405711e+03  3.05709224e+02 
 1.53505711e+03  3.05708977e+02 
 1.53605711e+03  3.05708730e+02 
 1.53705711e+03  3.05708484e+02 
 1.53805711e+03  3.05708238e+02 
 1.53905711e+03  3.05707994e+02 
 1.54005711e+03  3.05707749e+02 
 1.54105711e+03  3.05707506e+02 
 1.54205711e+03  3.05707263e+02 
 1.54305711e+03  3.05707021e+02 
 1.54405711e+03  3.05706779e+02 
 1.54505711e+03  3.05706538e+02 
 1.54605711e+03  3.05706298e+02 
 1.54705711e+03  3.05706058e+02 
 1.54805711e+03  3.05705819e+02 
 1.54905711e+03  3.05705581e+02 
 1.55005711e+03  3.05705343e+02 
 1.55105711e+03  3.05705106e+02 
 1.55205711e+03  3.05704869e+02 
 1.55305711e+03  3.05704633e+02 
 1.55405711e+03  3.05704398e+02 
 1.55505711e+03  3.05704163e+02 
 1.55605711e+03  3.05703929e+02 
 1.55705711e+03  3.05703696e+02 
 1.55805711e+03  3.05703463e+02 
 1.55905711e+03  3.05703231e+02 
 1.56005711e+03  3.05702999e+02 
 1.56105711e+03  3.05702768e+02 
 1.56205711e+03  3.05702538e+02 
 1.56305711e+03  3.05702308e+02 
 1.56405711e+03  3.05702079e+02 
 1.56505711e+03  3.05701850e+02 
 1.56605711e+03  3.05701622e+02 
 1.56705711e+03  3.05701395e+02 
 1.56805711e+03  3.05701168e+02 
 1.56905711e+03  3.05700942e+02 
 1.57005711e+03  3.05700716e+02 
 1.57105711e+03  3.05700491e+02 
 1.57205711e+03  3.05700267e+02 
 1.57305711e+03  3.05700043e+02 
 1.57405711e+03  3.05699820e+02 
 1.57505711e+03  3.05699597e+02 
 1.57605711e+03  3.05699375e+02 
 1.57705711e+03  3.05699154e+02 
 1.57805711e+03  3.05698933e+02 
 1.57905711e+03  3.05698712e+02 
 1.58005711e+03  3.05698493e+02 
 1.58105711e+03  3.05698273e+02 
 1.58205711e+03  3.05698055e+02 
 1.58305711e+03  3.05697837e+02 
 1.58405711e+03  3.05697619e+02 
 1.58505711e+03  3.05697403e+02 
 1.58605711e+03  3.05697186e+02 
 1.58705711e+03  3.05696971e+02 
 1.58805711e+03  3.05696755e+02 
 1.58905711e+03  3.05696541e+02 
 1.59005711e+03  3.05696327e+02 
 1.59105711e+03  3.05696113e+02 
 1.59205711e+03  3.05695901e+02 
 1.59305711e+03  3.05695688e+02 
 1.59405711e+03  3.05695476e+02 
 1.59505711e+03  3.05695265e+02 
 1.59605711e+03  3.05695055e+02 
 1.59705711e+03  3.05694845e+02 
 1.59805711e+03  3.05694635e+02 
 1.59905711e+03  3.05694426e+02 
 1.60005711e+03  3.05694218e+02 
 1.60105711e+03  3.05694010e+02 
 1.60205711e+03  3.05693802e+02 
 1.60305711e+03  3.05693595e+02 
 1.60405711e+03  3.05693389e+02 
 1.60505711e+03  3.05693184e+02 
 1.60605711e+03  3.05692978e+02 
 1.60705711e+03  3.05692774e+02 
 1.60805711e+03  3.05692570e+02 
 1.60905711e+03  3.05692366e+02 
 1.61005711e+03  3.05692163e+02 
 1.61105711e+03  3.05691961e+02 
 1.61205711e+03  3.05691759e+02 
 1.61305711e+03  3.05691557e+02 
 1.61405711e+03  3.05691356e+02 
 1.61505711e+03  3.05691156e+02 
 1.61605711e+03  3.05690956e+02 
 1.61705711e+03  3.05690757e+02 
 1.61805711e+03  3.05690558e+02 
 1.61905711e+03  3.05690360e+02 
 1.62005711e+03  3.05690162e+02 
 1.62105711e+03  3.05689965e+02 
 1.62205711e+03  3.05689768e+02 
 1.62305711e+03  3.05689572e+02 
 1.62405711e+03  3.05689376e+02 
 1.62505711e+03  3.05689181e+02 
 1.62605711e+03  3.05688986e+02 
 1.62705711e+03  3.05688792e+02 
 1.62805711e+03  3.05688599e+02 
 1.62905711e+03  3.05688406e+02 
 1.63005711e+03  3.05688213e+02 
 1.63105711e+03  3.05688021e+02 
 1.63205711e+03  3.05687829e+02 
 1.63305711e+03  3.05687638e+02 
 1.63405711e+03  3.05687448e+02 
 1.63505711e+03  3.05687258e+02 
 1.63605711e+03  3.05687068e+02 
 1.63705711e+03  3.05686879e+02 
 1.63805711e+03  3.05686690e+02 
 1.63905711e+03  3.05686502e+02 
 1.64005711e+03  3.05686315e+02 
 1.64105711e+03  3.05686128e+02 
 1.64205711e+03  3.05685941e+02 
 1.64305711e+03  3.05685755e+02 
 1.64405711e+03  3.05685569e+02 
 1.64505711e+03  3.05685384e+02 
 1.64605711e+03  3.05685199e+02 
 1.64705711e+03  3.05685015e+02 
 1.64805711e+03  3.05684832e+02 
 1.64905711e+03  3.05684648e+02 
 1.65005711e+03  3.05684466e+02 
 1.65105711e+03  3.05684284e+02 
 1.65205711e+03  3.05684102e+02 
 1.65305711e+03  3.05683921e+02 
 1.65405711e+03  3.05683740e+02 
 1.65505711e+03  3.05683559e+02 
 1.65605711e+03  3.05683380e+02 
 1.65705711e+03  3.05683200e+02 
 1.65805711e+03  3.05683021e+02 
 1.65905711e+03  3.05682843e+02 
 1.66005711e+03  3.05682665e+02 
 1.66105711e+03  3.05682487e+02 
 1.66205711e+03  3.05682310e+02 
 1.66305711e+03  3.05682134e+02 
 1.66405711e+03  3.05681958e+02 
 1.66505711e+03  3.05681782e+02 
 1.66605711e+03  3.05681607e+02 
 1.66705711e+03  3.05681432e+02 
 1.66805711e+03  3.05681258e+02 
 1.66905711e+03  3.05681084e+02 
 1.67005711e+03  3.05680911e+02 
 1.67105711e+03  3.05680738e+02 
 1.67205711e+03  3.05680566e+02 
 1.67305711e+03  3.05680394e+02 
 1.67405711e+03  3.05680222e+02 
 1.67505711e+03  3.05680051e+02 
 1.67605711e+03  3.05679881e+02 
 1.67705711e+03  3.05679710e+02 
 1.67805711e+03  3.05679541e+02 
 1.67905711e+03  3.05679371e+02 
 1.68005711e+03  3.05679203e+02 
 1.68105711e+03  3.05679034e+02 
 1.68205711e+03  3.05678866e+02 
 1.68305711e+03  3.05678699e+02 
 1.68405711e+03  3.05678532e+02 
 1.68505711e+03  3.05678365e+02 
 1.68605711e+03  3.05678199e+02 
 1.68705711e+03  3.05678033e+02 
 1.68805711e+03  3.05677868e+02 
 1.68905711e+03  3.05677703e+02 
 1.69005711e+03  3.05677539e+02 
 1.69105711e+03  3.05677375e+02 
 1.69205711e+03  3.05677211e+02 
 1.69305711e+03  3.05677048e+02 
 1.69405711e+03  3.05676885e+02 
 1.69505711e+03  3.05676723e+02 
 1.69605711e+03  3.05676561e+02 
 1.69705711e+03  3.05676400e+02 
 1.69805711e+03  3.05676239e+02 
 1.69905711e+03  3.05676078e+02 
 1.70005711e+03  3.05675918e+02 
 1.70105711e+03  3.05675758e+02 
 1.70205711e+03  3.05675599e+02 
 1.70305711e+03  3.05675440e+02 
 1.70405711e+03  3.05675282e+02 
 1.70505711e+03  3.05675124e+02 
 1.70605711e+03  3.05674966e+02 
 1.70705711e+03  3.05674809e+02 
 1.70805711e+03  3.05674652e+02 
 1.70905711e+03  3.05674496e+02 
 1.71005711e+03  3.05674340e+02 
 1.71105711e+03  3.05674184e+02 
 1.71205711e+03  3.05674029e+02 
 1.71305711e+03  3.05673874e+02 
 1.71405711e+03  3.05673720e+02 
 1.71505711e+03  3.05673566e+02 
 1.71605711e+03  3.05673412e+02 
 1.71705711e+03  3.05673259e+02 
 1.71805711e+03  3.05673107e+02 
 1.71905711e+03  3.05672954e+02 
 1.72005711e+03  3.05672802e+02 
 1.72105711e+03  3.05672651e+02 
 1.72205711e+03  3.05672500e+02 
 1.72305711e+03  3.05672349e+02 
 1.72405711e+03  3.05672199e+02 
 1.72505711e+03  3.05672049e+02 
 1.72605711e+03  3.05671899e+02 
 1.72705711e+03  3.05671750e+02 
 1.72805711e+03  3.05671601e+02 
 1.72905711e+03  3.05671453e+02 
 1.73005711e+03  3.05671305e+02 
 1.73105711e+03  3.05671157e+02 
 1.73205711e+03  3.05671010e+02 
 1.73305711e+03  3.05670863e+02 
 1.73405711e+03  3.05670717e+02 
 1.73505711e+03  3.05670571e+02 
 1.73605711e+03  3.05670425e+02 
 1.73705711e+03  3.05670280e+02 
 1.73805711e+03  3.05670135e+02 
 1.73905711e+03  3.05669991e+02 
 1.74005711e+03  3.05669846e+02 
 1.74105711e+03  3.05669703e+02 
 1.74205711e+03  3.05669559e+02 
 1.74305711e+03  3.05669416e+02 
 1.74405711e+03  3.05669274e+02 
 1.74505711e+03  3.05669132e+02 
 1.74605711e+03  3.05668990e+02 
 1.74705711e+03  3.05668848e+02 
 1.74805711e+03  3.05668707e+02 
 1.74905711e+03  3.05668566e+02 
 1.75005711e+03  3.05668426e+02 
 1.75105711e+03  3.05668286e+02 
 1.75205711e+03  3.05668146e+02 
 1.75305711e+03  3.05668007e+02 
 1.75405711e+03  3.05667868e+02 
 1.75505711e+03  3.05667730e+02 
 1.75605711e+03  3.05667591e+02 
 1.75705711e+03  3.05667454e+02 
 1.75805711e+03  3.05667316e+02 
 1.75905711e+03  3.05667179e+02 
 1.76005711e+03  3.05667042e+02 
 1.76105711e+03  3.05666906e+02 
 1.76205711e+03  3.05666770e+02 
 1.76305711e+03  3.05666634e+02 
 1.76405711e+03  3.05666499e+02 
 1.76505711e+03  3.05666364e+02 
 1.76605711e+03  3.05666230e+02 
 1.76705711e+03  3.05666095e+02 
 1.76805711e+03  3.05665962e+02 
 1.76905711e+03  3.05665828e+02 
 1.77005711e+03  3.05665695e+02 
 1.77105711e+03  3.05665562e+02 
 1.77205711e+03  3.05665430e+02 
 1.77305711e+03  3.05665297e+02 
 1.77405711e+03  3.05665166e+02 
 1.77505711e+03  3.05665034e+02 
 1.77605711e+03  3.05664903e+02 
 1.77705711e+03  3.05664773e+02 
 1.77805711e+03  3.05664642e+02 
 1.77905711e+03  3.05664512e+02 
 1.78005711e+03  3.05664382e+02 
 1.78105711e+03  3.05664253e+02 
 1.78205711e+03  3.05664124e+02 
 1.78305711e+03  3.05663995e+02 
 1.78405711e+03  3.05663867e+02 
 1.78505711e+03  3.05663739e+02 
 1.78605711e+03  3.05663611e+02 
 1.78705711e+03  3.05663484e+02 
 1.78805711e+03  3.05663357e+02 
 1.78905711e+03  3.05663230e+02 
 1.79005711e+03  3.05663104e+02 
 1.79105711e+03  3.05662978e+02 
 1.79205711e+03  3.05662852e+02 
 1.79305711e+03  3.05662727e+02 
 1.79405711e+03  3.05662602e+02 
 1.79505711e+03  3.05662477e+02 
 1.79605711e+03  3.05662353e+02 
 1.79705711e+03  3.05662229e+02 
 1.79805711e+03  3.05662105e+02 
 1.79905711e+03  3.05661982e+02 
 1.80005711e+03  3.05661859e+02 
 1.80105711e+03  3.05661736e+02 
 1.80205711e+03  3.05661614e+02 
 1.80305711e+03  3.05661492e+02 
 1.80405711e+03  3.05661370e+02 
 1.80505711e+03  3.05661249e+02 
 1.80605711e+03  3.05661127e+02 
 1.80705711e+03  3.05661007e+02 
 1.80805711e+03  3.05660886e+02 
 1.80905711e+03  3.05660766e+02 
 1.81005711e+03  3.05660646e+02 
 1.81105711e+03  3.05660527e+02 
 1.81205711e+03  3.05660408e+02 
 1.81305711e+03  3.05660289e+02 
 1.81405711e+03  3.05660170e+02 
 1.81505711e+03  3.05660052e+02 
 1.81605711e+03  3.05659934e+02 
 1.81705711e+03  3.05659816e+02 
 1.81805711e+03  3.05659699e+02 
 1.81905711e+03  3.05659582e+02 
 1.82005711e+03  3.05659465e+02 
 1.82105711e+03  3.05659349e+02 
 1.82205711e+03  3.05659233e+02 
 1.82305711e+03  3.05659117e+02 
 1.82405711e+03  3.05659001e+02 
 1.82505711e+03  3.05658886e+02 
 1.82605711e+03  3.05658771e+02 
 1.82705711e+03  3.05658657e+02 
 1.82805711e+03  3.05658542e+02 
 1.82905711e+03  3.05658428e+02 
 1.83005711e+03  3.05658315e+02 
 1.83105711e+03  3.05658201e+02 
 1.83205711e+03  3.05658088e+02 
 1.83305711e+03  3.05657975e+02 
 1.83405711e+03  3.05657863e+02 
 1.83505711e+03  3.05657751e+02 
 1.83605711e+03  3.05657639e+02 
 1.83705711e+03  3.05657527e+02 
 1.83805711e+03  3.05657416e+02 
 1.83905711e+03  3.05657305e+02 
 1.84005711e+03  3.05657194e+02 
 1.84105711e+03  3.05657084e+02 
 1.84205711e+03  3.05656974e+02 
 1.84305711e+03  3.05656864e+02 
 1.84405711e+03  3.05656754e+02 
 1.84505711e+03  3.05656645e+02 
 1.84605711e+03  3.05656536e+02 
 1.84705711e+03  3.05656427e+02 
 1.84805711e+03  3.05656319e+02 
 1.84905711e+03  3.05656211e+02 
 1.85005711e+03  3.05656103e+02 
 1.85105711e+03  3.05655995e+02 
 1.85205711e+03  3.05655888e+02 
 1.85305711e+03  3.05655781e+02 
 1.85405711e+03  3.05655674e+02 
 1.85505711e+03  3.05655568e+02 
 1.85605711e+03  3.05655462e+02 
 1.85705711e+03  3.05655356e+02 
 1.85805711e+03  3.05655250e+02 
 1.85905711e+03  3.05655145e+02 
 1.86005711e+03  3.05655040e+02 
 1.86105711e+03  3.05654935e+02 
 1.86205711e+03  3.05654831e+02 
 1.86305711e+03  3.05654726e+02 
 1.86405711e+03  3.05654623e+02 
 1.86505711e+03  3.05654519e+02 
 1.86605711e+03  3.05654415e+02 
 1.86705711e+03  3.05654312e+02 
 1.86805711e+03  3.05654210e+02 
 1.86905711e+03  3.05654107e+02 
 1.87005711e+03  3.05654005e+02 
 1.87105711e+03  3.05653903e+02 
 1.87205711e+03  3.05653801e+02 
 1.87305711e+03  3.05653699e+02 
 1.87405711e+03  3.05653598e+02 
 1.87505711e+03  3.05653497e+02 
 1.87605711e+03  3.05653396e+02 
 1.87705711e+03  3.05653296e+02 
 1.87805711e+03  3.05653196e+02 
 1.87905711e+03  3.05653096e+02 
 1.88005711e+03  3.05652996e+02 
 1.88105711e+03  3.05652897e+02 
 1.88205711e+03  3.05652798e+02 
 1.88305711e+03  3.05652699e+02 
 1.88405711e+03  3.05652600e+02 
 1.88505711e+03  3.05652502e+02 
 1.88605711e+03  3.05652404e+02 
 1.88705711e+03  3.05652306e+02 
 1.88805711e+03  3.05652209e+02 
 1.88905711e+03  3.05652111e+02 
 1.89005711e+03  3.05652014e+02 
 1.89105711e+03  3.05651917e+02 
 1.89205711e+03  3.05651821e+02 
 1.89305711e+03  3.05651725e+02 
 1.89405711e+03  3.05651628e+02 
 1.89505711e+03  3.05651533e+02 
 1.89605711e+03  3.05651437e+02 
 1.89705711e+03  3.05651342e+02 
 1.89805711e+03  3.05651247e+02 
 1.89905711e+03  3.05651152e+02 
 1.90005711e+03  3.05651058e+02 
 1.90105711e+03  3.05650963e+02 
 1.90205711e+03  3.05650869e+02 
 1.90305711e+03  3.05650775e+02 
 1.90405711e+03  3.05650682e+02 
 1.90505711e+03  3.05650589e+02 
 1.90605711e+03  3.05650496e+02 
 1.90705711e+03  3.05650403e+02 
 1.90805711e+03  3.05650310e+02 
 1.90905711e+03  3.05650218e+02 
 1.91005711e+03  3.05650126e+02 
 1.91105711e+03  3.05650034e+02 
 1.91205711e+03  3.05649942e+02 
 1.91305711e+03  3.05649851e+02 
 1.91405711e+03  3.05649760e+02 
 1.91505711e+03  3.05649669e+02 
 1.91605711e+03  3.05649579e+02 
 1.91705711e+03  3.05649488e+02 
 1.91805711e+03  3.05649398e+02 
 1.91905711e+03  3.05649308e+02 
 1.92005711e+03  3.05649218e+02 
 1.92105711e+03  3.05649129e+02 
 1.92205711e+03  3.05649040e+02 
 1.92305711e+03  3.05648951e+02 
 1.92405711e+03  3.05648862e+02 
 1.92505711e+03  3.05648774e+02 
 1.92605711e+03  3.05648685e+02 
 1.92705711e+03  3.05648597e+02 
 1.92805711e+03  3.05648510e+02 
 1.92905711e+03  3.05648422e+02 
 1.93005711e+03  3.05648335e+02 
 1.93105711e+03  3.05648247e+02 
 1.93205711e+03  3.05648161e+02 
 1.93305711e+03  3.05648074e+02 
 1.93405711e+03  3.05647988e+02 
 1.93505711e+03  3.05647901e+02 
 1.93605711e+03  3.05647815e+02 
 1.93705711e+03  3.05647730e+02 
 1.93805711e+03  3.05647644e+02 
 1.93905711e+03  3.05647559e+02 
 1.94005711e+03  3.05647474e+02 
 1.94105711e+03  3.05647389e+02 
 1.94205711e+03  3.05647304e+02 
 1.94305711e+03  3.05647220e+02 
 1.94405711e+03  3.05647136e+02 
 1.94505711e+03  3.05647052e+02 
 1.94605711e+03  3.05646968e+02 
 1.94705711e+03  3.05646885e+02 
 1.94805711e+03  3.05646801e+02 
 1.94905711e+03  3.05646718e+02 
 1.95005711e+03  3.05646635e+02 
 1.95105711e+03  3.05646553e+02 
 1.95205711e+03  3.05646470e+02 
 1.95305711e+03  3.05646388e+02 
 1.95405711e+03  3.05646306e+02 
 1.95505711e+03  3.05646224e+02 
 1.95605711e+03  3.05646143e+02 
 1.95705711e+03  3.05646061e+02 
 1.95805711e+03  3.05645980e+02 
 1.95905711e+03  3.05645899e+02 
 1.96005711e+03  3.05645819e+02 
 1.96105711e+03  3.05645738e+02 
 1.96205711e+03  3.05645658e+02 
 1.96305711e+03  3.05645578e+02 
 1.96405711e+03  3.05645498e+02 
 1.96505711e+03  3.05645418e+02 
 1.96605711e+03  3.05645339e+02 
 1.96705711e+03  3.05645260e+02 
 1.96805711e+03  3.05645181e+02 
 1.96905711e+03  3.05645102e+02 
 1.97005711e+03  3.05645023e+02 
 1.97105711e+03  3.05644945e+02 
 1.97205711e+03  3.05644867e+02 
 1.97305711e+03  3.05644789e+02 
 1.97405711e+03  3.05644711e+02 
 1.97505711e+03  3.05644633e+02 
 1.97605711e+03  3.05644556e+02 
 1.97705711e+03  3.05644479e+02 
 1.97805711e+03  3.05644402e+02 
 1.97905711e+03  3.05644325e+02 
 1.98005711e+03  3.05644249e+02 
 1.98105711e+03  3.05644172e+02 
 1.98205711e+03  3.05644096e+02 
 1.98305711e+03  3.05644020e+02 
 1.98405711e+03  3.05643944e+02 
 1.98505711e+03  3.05643869e+02 
 1.98605711e+03  3.05643793e+02 
 1.98705711e+03  3.05643718e+02 
 1.98805711e+03  3.05643643e+02 
 1.98905711e+03  3.05643569e+02 
 1.99005711e+03  3.05643494e+02 
 1.99105711e+03  3.05643420e+02 
 1.99205711e+03  3.05643346e+02 
 1.99305711e+03  3.05643272e+02 
 1.99405711e+03  3.05643198e+02 
 1.99505711e+03  3.05643124e+02 
 1.99605711e+03  3.05643051e+02 
 1.99705711e+03  3.05642978e+02 
 1.99805711e+03  3.05642905e+02 
 1.99905711e+03  3.05642832e+02 
 2.00000000e+03  3.05642763e+02 
